1000 1000
511189382 384362961 501273289
931233612 848140314 455324907
481293092 466523078 418450483
632285575 653779161 659421253
680926642 267490795 457264573
130571617 49658408 144571638
93075173 845242858 52196984
316146787 748574189 144243061
583833179 828127679 247511395
35337511 32348725 488313476
908998769 284657614 655418885
82139733 523164045 594286002
796277281 980080378 289017185
93439759 151481785 53776564
113522141 760709919 41601317
243042799 261156563 250307720
152599457 422727940 839986342
961011030 695123499 761943327
862494133 178314442 356563214
345506967 231365528 997833349
929651522 775016059 900934535
46612487 80731199 672474882
61550016 605427 847500706
684247603 153061134 452765183
363408418 934472554 701977189
521373523 920986590 525476123
258148869 423905463 596545553
893809685 246211051 553199303
840084809 411767418 935893180
481805870 640799221 829404750
516401238 307066959 428959318
637682368 524665320 632372641
331376624 527013294 952200702
536128499 497338322 530861682
62741677 153180033 801397921
19807717 508381724 554030150
329222424 203282612 621783992
823180972 365203234 444096006
74360267 957631030 987828607
705090297 992776271 19149113
730294467 700903054 798008604
100064379 924165864 790787259
194277033 313073058 819764794
640250494 698420639 938777903
83004354 623053617 67651563
540871292 710053460 455475593
301083668 296985903 542718426
873029664 749797961 742747481
393838083 180656752 882814006
710219745 709400968 341738987
975045009 248359524 581445711
358020082 959947081 49784825
288923734 567028193 532815803
655265941 362442705 105120814
420717471 546462453 715580087
63792354 423684519 262350581
867580893 407144314 359005666
901263742 86511104 488567163
811257991 407111582 933653668
170181394 323780975 932343041
7784088 306112649 3013448
623529507 858929934 527982300
519492981 499078286 666214578
961909735 220963313 112635488
280790026 820758229 453144783
341398310 77505287 899447343
366177248 468134151 823890454
201686446 397544921 851015622
544795012 115048761 919320405
418583243 588245405 505544158
212287726 478532398 987035130
769622814 906704893 33772101
298642557 59021422 421444147
377958295 947060287 352937223
879577459 388948758 464442477
786969271 398503842 916740448
183289930 58895935 466911975
356632895 124603916 366538414
305344438 511810178 506022061
324144609 205156651 433152938
744463204 369416880 748237763
306579433 953221341 452108942
18048856 144835973 467941184
718024646 557829045 492293802
228208351 135926245 401129928
693548024 30569178 82386235
877973727 130216023 380137550
616651984 554853397 764248375
626701460 339142279 493432489
34270866 547873382 820520004
340271731 888999031 551391709
782155439 258499035 592671797
467072356 929822426 67995180
247025021 72860264 795100545
725194453 222874901 52188512
813234524 665477947 902771647
630766532 702468988 181626351
202486154 512025389 390343862
291498717 283062151 705555554
863370568 77962947 932453614
101534168 947491179 124001358
15844689 516970691 360330555
477852252 938689882 755709833
541735500 255306252 249669919
232692148 917683221 32615899
825485165 892904726 842324509
332214637 492078850 416031367
858461410 885435395 490815788
927639186 717193663 368646092
813970421 668224302 587661220
373759260 799612797 605609570
100910702 121376882 475880042
230169410 239488397 96725502
660692334 367066839 22438803
502733724 64857780 686517988
681359039 626878840 640036557
656957943 786808259 934995672
182274205 316408713 824586340
33443854 112070263 929812729
829745972 745877905 96135383
559543151 146193362 250719643
200678649 530223948 503529273
456930944 207137409 123005983
276476107 758534011 54074559
56474212 503116375 753604679
705076448 600968149 795287960
548904342 425992896 606117868
481070594 392677575 902346717
916928338 900807274 365725428
36422222 177794713 303798980
22160128 482133928 546955669
730931203 684659590 824125287
197818284 467365444 195165524
490937156 771447708 710334337
835528600 586700117 519009514
633204333 627137842 934657445
773795650 961992642 347689709
861927600 704065392 786731919
738815964 232393902 474459365
789468475 989417564 343041481
788871989 441613810 238147688
150925641 287327049 16424455
938991821 368418786 503273995
253201907 202774389 527034299
858077819 664022352 39644328
645039829 896405462 822539234
590732895 915728174 677610268
207513266 453750597 424674531
293420445 322568387 610763228
315364890 615159264 346728241
977335093 369020538 599295464
818149398 547569746 215610274
714396073 191505408 213813064
415848178 455986901 614159394
653044464 256827955 739238782
312429997 565747384 124390834
29071354 797436965 965299242
29356501 102719525 78296485
637630442 743569456 43701429
596579180 249002986 443275126
633358355 793328798 78412918
551170980 696910258 256196546
656164076 291980667 805204329
402009110 59693337 250970914
65716878 511227639 151570003
984593431 467743180 925588804
306947175 688506233 110583719
33767438 915635602 128868305
160736494 131075701 409756633
389260303 140104191 986427863
375831662 875022780 879565057
563335952 482735813 450437010
718306958 309983893 269434037
54125039 242747701 228489358
551279666 678836885 158364896
150905807 999691032 967133807
624705162 866231259 470701041
569521201 956637867 43398230
709784487 21467052 234433864
480554393 84010217 792623670
167791592 925456844 297002738
751571897 75911623 990015213
255670777 386090230 75630735
339873829 824957277 874803101
720959149 297888861 885137409
738180317 650206650 668004436
126754719 201265105 713181616
737918898 411809702 49766734
137801528 730789970 872644929
210009190 730771212 305187961
891625676 524496300 666127635
39226342 231255596 915319665
166226147 418309293 829610330
193773534 824274309 657843257
238573372 514276790 586509090
128239406 435123044 33140862
911585864 222774418 963896934
87045173 360666864 887056273
428400755 593010554 17334389
771996701 519445898 452794911
95858079 897096579 542367194
348370323 464228425 135625857
505906146 956706259 884675519
374385295 520943623 58590410
380612051 940270074 470934566
891599332 545262327 950189867
578589205 655629889 414733428
89064229 408215876 258031915
933231552 818629620 994823824
820752338 539431299 955626102
669451144 377618061 81119859
507292253 597549073 78330458
12552107 223179129 580419310
595185567 416129397 454266569
763201137 582548796 667721646
419872727 170653684 16208830
216613867 228004208 530678987
309007597 637905994 759718410
636658050 789705089 11425605
811111938 974328482 818669843
754233576 500472557 371251460
648450419 253953522 601812440
258945497 709307055 358678171
628220720 493562766 550649557
436636460 486690062 708018684
337309744 609540913 908675929
647748164 625382902 703768608
12301758 510808019 729598874
970726942 14979411 868874151
843175986 288995479 546087572
828746452 659853744 739681046
212039807 159251121 732633067
323498671 626194910 787023965
473189260 878411699 333635965
673256324 916154896 552263666
193988177 297886653 412010061
595908865 430878996 119680522
96310021 165995831 871688758
949116180 495849340 391514245
855735718 738200582 286334196
222848658 23016597 425810064
903697745 766406470 190459917
52327414 868062586 384232984
108589568 641930181 623618522
98100935 757507311 123718034
759412768 17956189 4661849
961857080 693800686 249921347
39994272 164064323 958306234
165588149 185378038 194355546
201342958 27115601 759579007
7559158 245746879 369328640
810159148 747462870 677584107
469831122 472251955 367393990
482261780 803879662 890078260
687749249 656979100 954738310
474859692 918498163 234097975
606829583 743612795 557066223
460172053 551271134 981779861
739561627 447250026 433407135
754888741 157095381 798833182
474036638 580010999 229403821
573467434 795248268 684727758
205944185 556084727 707291835
41631283 455632508 811356114
150010891 139305429 981888871
539013302 895604020 831360106
786591600 841623884 637866410
760136840 683932216 121313021
351537282 759302065 178419377
47143975 902595227 333540100
16496325 737465001 598483742
529212043 286656755 118992333
532843783 200099288 713513692
29189679 569945664 682798683
163894686 823745012 183704902
517616270 23706114 974262956
980023245 141159600 852176902
154944275 92863892 498368969
578700774 769215801 919323180
149966331 742378848 175118277
915399083 275605127 895187184
856175695 481002799 860909774
320982426 826555252 607974099
146900777 243955819 543028691
601215320 173864520 466816913
656091270 613852824 266765510
158609269 462708031 829799609
725908637 717551936 463147771
937573634 358107055 523424715
929451716 758144659 955496057
642569559 748971280 756803482
340068551 418793359 79331880
977564709 477497944 575137303
521048512 662453806 484600129
346333783 842664861 980761801
54780485 918296367 973275432
423611448 614238710 875736944
989515283 62863031 226705729
56396141 441249122 453337621
250385046 25942934 686613203
754557639 282211177 958552423
449569664 836651309 76775111
796479418 498699805 647211758
693974031 751195265 838074571
673195974 17250465 592575128
224625720 123710346 776181844
118575761 216383911 261378089
884977427 623740131 448933429
303268428 496769791 898211710
748929687 960914194 53818354
78658632 614441344 251604142
804594428 948294041 369616738
582121897 101000369 306120891
128285876 17058281 386644874
903578219 917777660 491087986
469598623 865662065 614898477
460739452 95117647 532634350
405777324 478814042 406021741
139072595 817281085 325431701
896702602 703821128 924702243
118334438 537994950 146436545
540938805 894314475 390386618
824391877 631732537 305480380
59118899 59983000 284504768
497872234 417480537 3963260
165317571 928329349 736652963
828676876 320012659 675927212
104400508 55953742 653484569
979666339 739705151 363799193
532950905 361799339 526549079
85679514 109110662 777155944
551100888 133751471 973005004
434001551 210981187 515193693
402798294 822805558 296112577
85917281 286092037 739804597
347758865 894053081 251940242
243936375 328311803 829554646
134255177 137353748 164723074
789742875 946763447 896722535
924025070 894959809 174916467
973766731 472770291 624709939
927159144 481443384 164018990
788517437 74334703 547303006
641473083 133753932 974098052
105256205 67613103 744643378
604232911 918218329 641733349
303423426 816284111 370539909
774640726 855598288 164024872
100932073 844219750 359893236
659036538 547732808 383582013
170080476 314835953 513074073
897939085 764502316 997162813
354759512 314360161 222606493
744963 851301778 817450885
727700370 562269905 473167428
920920591 250301433 404711992
649719204 954213816 129000896
99919147 983541684 163161705
358033645 843519191 305800659
193486280 322141461 41468505
361704795 516484837 891558028
879647253 954251112 175003684
680150375 887179369 910315539
654565335 851907540 472665597
440487074 989703187 916229585
471689206 848121189 43862035
831915394 401916702 622697325
703810429 780756579 952775228
583302433 567240458 687590005
402703939 717047873 790369227
999783555 437994554 685872763
461090103 359908455 841006351
221388609 784505451 571190317
777045766 585545892 664273962
34054712 310581514 324625851
292243041 83450381 211779598
78050052 98780417 382262075
333901202 785150638 944712964
469364287 710652876 900227687
18951661 578962151 108585660
424783632 899013661 167256138
644768835 690699601 401498548
703648477 887714170 871801615
742972883 536946324 325080560
394375197 283085884 53239892
53609216 153865955 864826088
383307950 669800674 226957127
790910130 42850503 937000443
855883048 587718828 743384610
900353537 591290861 204089162
496328030 336814291 807063555
292826172 350378929 236397173
424018357 14586410 600799130
447954837 317976489 276758048
642431990 589671891 679554006
173016070 613081298 769888623
573521633 547610408 714675899
890766534 646975277 436598283
367150416 122711502 467084746
43341263 936620813 92584644
21131170 225096745 288404326
58306484 220221748 340056385
693379716 772106611 45385273
348084822 12701028 622783448
588206022 964468890 689830355
140093616 680234560 832493071
607399214 16985632 683648982
988660931 498418247 990807861
491749701 696310061 911761534
521352514 627251319 913121719
251567249 887577677 214371462
263538722 415091575 848951553
674389402 822857048 948088204
656514766 875251943 666332718
374033705 6949344 443389584
911175537 99709646 97785086
876137789 135720235 828890003
264387334 710775712 825643782
725501238 508618715 298820569
185118596 817344185 516220303
62072927 97949749 515532604
704471116 194444243 512732512
554484757 394896889 481382123
690560693 1768865 297457146
794986139 558307236 463261966
322920165 634659314 478302544
71531921 599922564 500240916
714792274 44681170 382202436
596313304 675927283 216229593
882641051 877848505 207811502
683104945 580412847 77172570
395298691 823649537 322333077
376865770 200135258 628140118
552225353 573611308 400119616
716214798 164093411 38816395
349399588 691586812 317848409
335547553 978619724 286817876
954017423 655642557 728393877
423012914 307490216 286286870
606192980 994397007 147241648
464937203 666467792 15587246
389772538 808048611 710090453
647971784 680547165 192618854
590039177 990265960 757099040
718363471 723199874 531536926
11993212 830733040 446671120
709361185 323458293 971063651
44448318 145717315 507108524
966448842 956845187 580743307
982540409 605321006 857309008
933152325 746058580 169385874
458523084 301931510 428526038
703999811 842795441 959724586
22738837 59789454 850078081
962959462 494498393 479875490
215818633 673463845 774651444
398778931 403431309 143183212
649999202 834076711 19950664
234161352 861946754 867389692
823279771 79368037 553889618
467277689 750542359 547732422
391579084 563060941 166017365
471115099 579094734 504259467
652117994 762210154 998274145
69851727 215453916 795006588
27168531 215181108 740314394
198663850 366319042 485394885
827945273 177423594 369296434
704929490 790145140 359129875
162190190 137046728 919419396
561455805 721746985 610264742
104899089 550288720 716993608
109319928 531738320 229503747
509175675 333736308 612447266
204687325 547427269 198474951
886109842 999702981 686535837
793051957 875981645 415836074
409001369 546160537 438805738
639341288 249537212 193933478
896707958 586970797 824113487
130757002 892560892 22970194
572654109 178371397 336717824
856083146 457478444 665214407
45365084 627635642 418833539
727399500 458576 735811800
908488394 689392496 715756531
728056097 662031533 596629195
670969204 468836331 478114871
201384627 726183183 779273733
970962571 377246054 615312449
244405424 734784585 39240891
840238831 873619670 833671340
11429421 690559142 408673900
266064262 761475637 125762966
570944079 513008385 72646204
590719220 714377139 192796241
809240710 328713307 791276119
683966435 119786091 161052546
173164470 659822693 780802297
520909279 716473418 679592107
547458859 364434567 517049857
212715321 595753883 242225627
873337170 72739364 41901021
427795323 467687430 812170602
794870520 609943760 379972014
473268183 584447580 946493405
919871197 791871958 906279425
806205614 930015656 341489225
365808915 65381073 19289007
53005521 337611201 942014120
191829166 535417789 247177031
580498978 952135991 117583406
4465784 430595015 644042469
737540333 259992996 145326080
476052081 913766323 907183031
154601933 5524527 35277262
272785874 968014596 213080186
681409227 769014023 273893439
294964601 660366653 967820478
939144487 726161280 597806871
884423524 557284980 545014706
316146679 707250711 346205002
154812243 749291128 455637413
634662877 690121956 84870351
406607482 878789890 402797617
817653324 753294879 698652554
104468403 13844658 130666259
966389277 479323489 151930764
76481448 675670767 46535287
715793143 93557610 324533839
865471273 344950102 902313275
460896496 837715564 419167837
370550071 728334319 884170189
596050469 544107677 510756817
992618446 182053550 887158317
615811691 927413855 413005874
124131600 722479058 396874536
996997824 552736994 48783092
847868454 230614533 166086195
225503981 52548167 812147225
836789741 969416561 479858842
198677131 57635949 65161980
27703925 768580756 145001531
511306027 679261269 494575432
484411405 338829130 517392067
408750218 405096846 652082319
820639401 690094705 894182292
536082565 796636349 610635017
47693323 972780050 765340395
858977477 921506511 314314164
906651750 874463815 52921650
183903216 878873269 158838515
927196803 728567904 40198013
633961291 858702835 415282842
792608153 115243136 131482671
555075186 469994716 54870522
952929448 126103213 515439513
988582274 629558351 232790592
830754474 497934035 951818595
623774779 504182988 984511325
171833354 970054175 579674775
941964372 585288223 34662976
268400686 721226124 273607206
26295361 734152999 535459326
292178579 818364051 50813214
759733369 843971341 783187769
210696874 521606323 84603248
908092888 432058146 875782658
931242509 124525927 40777596
792294309 276232727 926712387
441343169 712934680 121833536
658031357 773769719 478628966
456907675 447497385 531535326
882965816 359448909 230112170
324685879 572341964 175896477
598271492 735826118 760904734
382908939 115097008 644870853
889715152 578462359 459129193
365942390 259247647 385871342
784483866 367212189 325181307
289947806 467945712 483825359
815524504 225239448 180243572
970917451 311226059 43874463
14362773 397772631 15975719
578324556 105479335 711956796
857913907 91107505 827497861
792330237 372694140 833500569
143751559 218165908 823947942
659145885 153776499 89650584
520729929 371316413 101231835
90246697 401679689 303253602
973710354 294086568 20628536
119121305 537915926 635325810
862723725 65904729 65928410
551738491 830012604 383746577
384076772 278067197 607154277
896606296 453905131 546945407
28736401 966130489 423746903
148454649 410736194 628300372
446960976 729279117 358726900
990233839 264933293 566241210
80678307 727003702 639975425
378946578 147931787 97005425
838206486 356739395 964465993
866821830 224697241 985348152
92185957 550857576 502122790
170838716 489267063 390845810
609297663 319593631 131769837
648636023 64801337 616814510
732558118 19174690 641030818
130401618 305987995 770800478
385225344 92578285 186022867
76101257 470689852 618445989
150390075 907237165 917327650
228304813 814317859 732281248
486684041 456884677 916145729
334704602 727051955 506782030
799733216 274219076 206902880
213328121 177095612 691116950
580758869 530028524 480786573
842337449 491641652 389093962
212765812 58540041 349093076
543254268 112274312 221664881
681413239 680566676 283903175
35372667 287373432 484932086
597778302 598180103 696455018
426646302 339398884 657130619
458044184 705677599 40356542
841046409 108847769 124580229
122973796 675638442 916430408
899935334 611132879 431022315
128275406 335580693 763507469
50883423 490905110 700015452
691158182 733998951 687478552
146803102 66099519 851165628
945030930 228691777 666161446
651954717 714940264 814081738
928259991 642404684 363930121
14739889 261437211 525974568
338723405 516304037 784193247
104118912 916097838 133227148
725758121 944140581 737790949
306643705 540242136 92014081
294767531 525563296 972572354
780267290 294996900 946195447
766335946 246254148 380032718
338634181 371950301 299796314
349215546 901510379 962921077
419876987 61113401 824880844
692978784 15607307 126056792
79766294 64861555 301052882
198413509 715349838 369466652
328453094 153152880 607906387
573304537 760699825 61918445
771880173 511941924 575987363
670166972 964725133 964321098
444069015 598274320 728897459
218734997 297173020 650771722
861603629 587974161 606720110
60089131 380701246 74228140
69901891 185166529 143288336
181225578 514545497 543915286
507407959 887814775 309717426
689601210 561170479 757749941
938911689 566031515 28348328
867041658 180076518 57071449
890562759 494692471 437310889
856197792 772263440 715429972
454222378 894213403 704316523
348938936 911922329 268371412
867907458 306448758 724222325
563128670 127017781 795856534
476263730 927980245 47921254
302623294 124173093 837188660
848826796 121332556 335929706
391860488 502495005 195071616
741468265 133221537 567103582
696600339 479494711 36530680
907727942 675246904 423283173
330798114 834290781 626214214
226845477 147250859 427128610
192852041 860835542 403614641
304151811 907815930 370789848
974845104 16712681 305793876
274290583 447863836 140022954
284822228 646901276 666726633
595279112 138750575 167643046
720510193 965908680 661883658
113085236 906337922 398026751
516336083 623753936 486757387
606717266 139701551 906091341
747469360 163700954 335633159
776611297 191944134 266780240
611035226 648961945 775221616
810043231 880656696 783761001
940693122 398657691 755505839
6546043 463956773 532918269
459378843 509919812 489854145
467067568 190441067 48984645
744581496 475291392 965126408
510500656 517440305 129172266
382982491 607762269 676698319
911898753 789872775 831840864
330501966 137699476 941001749
176668875 139266860 321474675
942402951 646316724 883949793
636795306 295229297 871831037
131742574 980425443 733809256
608514328 839526327 276966188
122135621 561923589 767196341
628650407 371836747 783304901
568634334 370007282 35864266
433518645 558822769 574619583
222440755 923199270 985621716
630262245 646515842 672879885
770257855 545793380 498353428
356243753 24551424 658058079
344612919 673392803 620917014
109572203 277759044 528121992
683124965 433010575 741611567
399984375 243850804 127191208
103829857 738938976 330274127
429611796 318849285 690532025
931208849 396648681 183791384
427978351 987876591 417719884
804526732 187798631 144434115
980362461 357199032 364754291
83795873 746866337 87640284
816205142 453132070 31950076
511235596 699054543 231798837
753030442 578692652 129589217
851084004 827001226 679977737
332190741 521801455 15810305
673146909 996265812 318373015
457918812 214397384 664176319
597739271 672922527 439066808
554144666 184314166 595621921
510270012 594853926 927746093
467382406 966322743 448682668
522927483 892444252 726413917
251220847 531100881 718881761
485988270 323083078 64950048
82032821 509176520 132044468
453036499 506872545 944190259
193273545 457506992 634494222
733160167 990163595 39068581
398856130 349789518 421860567
431883206 641846410 986327673
554857576 134618608 324244684
970792427 89444754 190786108
17081253 685597938 936362046
59244525 14949 61615730
99450775 440436833 304339457
294011897 277703892 901755249
828659777 150186022 213083782
266643632 277891163 798558333
485377436 449086922 640144388
910977956 399321537 256339943
540415364 703669672 649521797
729491673 124255916 306496903
519443068 486995918 792529060
424204130 104507816 49991740
894446042 910831836 86102673
107127368 999423877 373485054
864193804 705738355 138267316
744710406 176387939 343693629
661976559 854246462 665876715
747105032 830888916 632930893
7371490 681301766 661049899
631087505 31713094 435252711
554018562 460877052 811935145
419549359 418394936 191194213
629176006 411455945 28865131
694210085 39179002 648235910
254444137 475278664 387421468
603033250 675450216 920934189
619163505 357964810 580847283
6780847 910348945 851205650
567001641 284275578 967976555
545931531 496118739 52426007
394579626 972705434 845904286
778806086 786194045 841120321
450544951 431151047 892687646
71817941 30498061 782204649
268259371 9542880 589764432
744936712 14792371 414692919
843151953 94762461 619992962
615062504 256371613 236522016
305506468 843279739 768346954
770229575 297874221 636528020
571536290 187701116 60614926
688679649 376640147 187058257
714151933 845794556 153099616
554342941 640275366 207223788
834036292 551646960 890843752
95930089 478467604 962127418
246607386 343888807 648416045
847854915 243035331 388039335
142584029 705559031 146427459
287761407 945766081 645523255
591008434 189460210 743178287
303426273 538131348 473955142
357803045 890823235 81814074
869680689 364671716 427008776
151016912 734155425 815554877
307821025 335608203 423902126
831515473 563505489 616140084
585160442 154474548 115251329
749418862 688863898 805859882
938089914 210798445 810456387
452877319 911536049 10784412
634768475 466312032 55861963
344648508 528613712 894812395
146151039 955689663 653493668
219004993 749315300 172433458
802994492 88426091 730784206
47466107 56585214 132800059
525877864 613827810 26542450
463603317 946923976 107907571
910318956 447679126 593684907
746627333 526308019 841089519
613128734 325544288 193618394
647472486 70563352 523867888
50067640 148300079 621162262
699996778 168531346 286284863
803753538 716346371 769017902
550741365 235740636 906014414
276595712 550232575 164503990
463180612 255385535 2868482
66045751 893050897 385356548
275606533 160293825 183070521
95465264 65745216 211055848
55049310 355688442 242314891
559993174 850066312 140830603
556045324 922720972 267650776
951019332 717959059 652424787
350043986 563769765 294507928
315508720 368758977 928993371
733893744 139003950 995622580
59031855 976784611 944422767
648124527 789546260 596806550
853089082 671779867 43740354
607895795 136440127 238920774
250953223 554609561 352985849
603212093 661790635 288469317
879212096 661400938 577915935
636189793 84416033 510491237
116804776 398231001 971107201
658738017 910660096 355761835
808369468 790445520 668548064
400956632 372445130 773220154
768458589 524863815 843323162
34231763 85641267 779332918
318639642 262072866 332882417
228214494 516513580 478995089
414482288 359739151 22361779
720964868 583515325 616145546
289921372 48394254 415790168
315569513 599465198 250050124
178482111 840414148 387892418
807252886 489041038 184220944
234682676 423193571 454799
672944909 728177499 937589076
79431939 652525128 746375270
864395615 183442922 693137608
961503594 780165643 348198734
507346461 580872333 134789228
897762817 867536524 950876662
686086872 144460930 966125795
899753924 565673730 989806235
208474187 116803244 482262507
486421700 392263313 851743283
681789709 649452584 283358386
163634690 752010192 180218914
724369419 712591276 198533130
485648299 124274116 966226376
537704593 742444908 678186804
708699505 627013211 165395334
992330542 88581221 247084561
837114059 532739809 806305694
298469389 278611725 857685156
6261744 322710899 436255942
997559154 919785228 554736675
205429144 851086320 727247754
425526952 444504726 163402771
691341574 43164859 416644861
479799287 95479227 472805047
505631753 864675382 841564430
116013783 319981720 275074011
311952100 214213346 788908392
357146845 738949213 122974009
874826146 845220080 185377612
326798228 63991478 684802510
569180440 376807337 894464254
240363166 946306339 952057973
250949117 55270397 996572070
123048823 702621537 485201404
394724154 578991024 350658090
562982170 563088649 347127279
342252586 425466476 469092188
142115440 103274382 548461761
59669988 696738231 837091771
702561410 941941274 57482738
383880308 673096192 305316952
283968041 944219461 87246301
633824909 508344460 546911053
419962276 14286869 584663204
986539618 450889729 876791325
841358295 8679434 43504488
451970407 775438411 528545864
541770004 584037279 556160623
70805461 978106953 490731256
673650746 233227676 777457420
130908748 910993790 684062725
230396983 723733684 554984205
629120731 254838163 558074585
768424440 107534035 739377447
826065535 349177807 194310297
299398554 951499038 14116021
873687966 778469997 174181753
218389380 667193033 577593137
828032733 475849605 444453287
982165175 447482332 79848431
799174401 13816427 993671163
247178606 506973535 53883964
288035885 122093327 876859117
552030179 535120275 839952100
272706371 564355723 374768101
503208721 557499765 518244414
563773796 578251318 127295392
605841088 223934052 257686801
399619302 442072005 585625049
204341680 366857991 78329756
136379712 465248188 557338170
539388183 262871566 102508810
548129571 600197452 494083424
766557503 806876927 984721626
215405016 452482576 162364048
187179984 21189675 940204808
728253958 737865799 677557418
490071134 646666961 512825521
724526456 220253688 453560164
766524988 24406858 150201845
252184370 274390283 331898845
305890044 253190524 626363587
950875855 551701640 757374489
26243212 502727088 30812604
461790159 922840787 992966947
447424765 494775923 563255435
800145287 531604316 297026451
944572344 836831808 559906103
326839723 145136414 869488817
126469275 960624208 622026402
186723687 789471793 886522724
8509486 594312014 288287155
118432762 642933724 216199748
999793605 810402861 999797542
640078227 749916691 901157960
398170905 128839698 938074338
366551995 911762930 682609109
726879188 214273513 254993000
791073731 756730898 119234315
733662952 288565731 17639936
952750539 159959731 239446634
299879213 262123471 622177015
863358900 851931686 249420230
876901310 869035973 911304141
920709752 355697873 469707493
110746232 487398995 279500314
488759583 344765728 868257304
989319780 219445027 465321528
879664030 692603964 516791588
695677576 963934340 386319545
44233100 982632553 105672258
570832847 988712186 865305625
881764767 179291413 878243645
444930286 933702178 564883839
50376923 534477650 165422972
632612355 664421123 508985560
918977387 238472499 518706486
273275276 898182392 793104563
768209464 378794958 175060600
146271475 541380184 684027447
815884664 424836740 925185723
198218003 305942468 945300704
421473084 196810504 957532422
581776608 805869245 197231076
168024993 586882225 364652684
379321447 214902853 471591525
245090960 247223940 612459826
218102982 206466881 846479741
275320428 81050228 8837747
425061491 898088020 494704606
475793179 444593859 716395931
668028355 874381924 168403366
441487617 686199742 667291292
140375814 870562721 459542790
817426306 201370103 583477158
744111289 500811356 174732795
976286147 170394102 247695795
