1000 1000
9 591609628 9445053
9 88776929 5539570
9 315536960 135907
10 149757835 8444849
5 361986658 9645349
1 86056600 7495205
9 740268256 6181726
4 332969145 6341677
1 95573054 6883399
1 19578736 6430838
8 207304499 7194202
10 996331226 7582560
7 544634370 9238177
2 172714472 1461988
10 219618317 4317292
10 132436265 8242382
6 830454093 1301628
7 450663709 6512788
8 239529088 2086305
1 93084081 5778706
4 298253215 2889277
9 699542823 1970864
2 51457570 58873
3 538592505 4834984
4 341064992 6867796
6 812581774 990060
3 671406193 4135488
6 654603764 1831665
8 746403072 8067238
8 819507767 9818305
1 437918967 4044671
7 862212845 2339160
10 673311897 7805462
10 130664473 7695436
1 617899649 1250907
7 374010416 6458451
1 404841605 3367415
4 492823578 2516522
8 700024182 4192866
3 548682425 4599473
2 761834326 741376
8 589262128 8777794
10 476090921 5806774
3 844058331 2486028
5 949999237 7354135
1 222833784 8439095
1 239151970 2073455
3 931334856 4586784
9 862797680 4324697
1 289532305 6295898
3 144157951 9347508
9 829702893 5558846
2 644693996 8396850
3 166408936 5746285
3 701137909 3741085
10 904663952 8317015
4 659963068 5629971
6 779559801 3683515
4 43106493 5768585
8 493549031 5575893
3 398275721 441864
9 987399880 3994827
2 539162659 4915838
8 68057408 5380237
5 218003358 2519805
4 205363404 9040597
8 664687346 6492072
3 463904081 5001115
5 184266109 7010528
6 28061575 6253564
9 238644013 4941501
8 844675801 2195743
2 152029653 3905547
2 739456978 4101794
8 559640619 1189929
2 131421209 7591063
10 610957306 1672998
8 525408252 6310974
10 118795678 1575166
4 182493011 5496197
10 713200439 4937273
8 143508806 8696626
4 445344102 7931209
4 71321333 7740014
10 952388155 9540692
2 266422350 894173
6 22658968 9365640
4 774602799 5073053
4 87736862 6553729
7 981980583 2461830
9 682723031 1044235
1 183283279 459102
4 570029983 6099582
5 625278222 7692283
8 435577698 9256474
1 288239628 4951029
4 669052334 9161566
2 491814088 9835041
9 85907630 575079
6 576477482 7883290
2 322626383 3837838
8 205964563 1094358
3 652856403 2571396
6 489775087 1849077
6 192892348 9459640
3 31653767 7096908
4 21635273 12916
4 429483284 3861845
3 814479834 8339188
2 128106175 566363
8 663685874 740328
1 675503134 25073
2 30415730 4465242
8 799832099 6664174
8 458383344 6573292
4 509023141 8288206
10 298922303 7667063
5 552277025 8329459
1 969207645 8013491
7 940869382 9787619
10 213865761 4813265
3 908786142 2165993
8 24949612 7382577
8 987248854 1773244
10 263634168 6743840
6 905196462 9624485
10 690006812 8469797
10 24672585 5861414
5 191722312 4855277
6 903291422 4978292
8 794050712 741162
2 358944717 9488372
4 373051921 858022
4 249615979 8946528
5 983744781 3620834
4 991907082 4449277
8 137883201 1507094
1 195081461 1096085
10 156134886 8316897
10 545910197 7897285
1 689805544 7518521
9 84407395 7215123
7 18957650 4838528
1 293910430 1930048
7 117134605 486015
1 899801677 2399247
4 574869786 7373302
7 68008270 8977960
10 294320953 6245422
1 622749034 3975773
2 625444669 4986486
2 350814028 1867652
7 239064976 695071
5 954573591 8979948
5 778953545 4335587
1 313492228 3999623
3 401633183 3897985
2 884995440 9065274
7 204412559 3887825
4 657170711 7038371
3 771325510 7456652
10 671487241 4056329
7 472892227 1865147
5 568540726 6180336
4 971147104 1627259
5 206808236 2124972
1 864927723 4941985
3 939090082 8310015
6 732563265 9072812
3 202398304 9409666
6 384467411 852136
4 478523638 7707894
10 598601253 4918490
6 85109811 6784968
3 721909614 6276501
10 593690914 5476303
9 287693586 6646538
1 235028845 5797785
9 69372485 7243416
2 801290461 7069225
10 889042031 1855173
7 411997465 8000685
7 413056113 2985746
2 786330900 7161444
2 547871553 6018864
10 113755124 248627
3 659421321 6954274
4 923464464 5241325
6 657303283 7360979
2 365291771 3215097
10 518892399 1951027
1 461296665 2704015
5 538645193 5046241
6 983882602 5629723
10 308530668 3821795
6 357322055 1738708
7 252376140 9864480
10 461882652 6956936
4 348084932 5616477
6 544643667 7328386
9 401396075 1781847
3 518289908 7503559
10 518381392 854723
5 724347846 9503476
9 337552868 9123050
4 579993935 3919681
9 662343285 4566153
2 766834906 9887165
9 442904992 350220
9 317517048 7331229
5 190239540 5536800
8 484936856 5843792
10 447392638 889538
9 939473883 3574734
1 331822646 978672
2 335954190 7226902
3 609278027 6534522
9 230181137 816268
3 378472518 679407
4 408107722 7757121
10 648046523 2904891
1 842875933 5370522
9 745813414 9604244
9 568933134 4201076
7 319695478 3241787
2 804952562 1301918
6 939225484 5182133
4 456395807 3598579
5 671769983 6164232
9 306494977 3710442
10 719556752 12696
7 326200904 526271
8 309084110 4107585
3 959923072 7380978
10 842800404 6655435
10 936341386 389011
7 30566728 9274942
7 773457810 2170227
7 63139494 5926386
2 710493373 156247
1 927924685 5292897
4 202361978 4456176
3 163427642 6407029
3 443531848 5649222
7 575965719 964283
6 496646527 6030097
6 296339361 3657671
8 662274060 8704759
1 698051214 4235721
7 489601947 2753867
7 704690818 2066208
8 450789880 6566774
9 321597973 8837814
5 109682338 5339616
3 722340804 4962405
2 624382849 8712552
10 100798255 7126780
8 448307267 8566701
6 526226828 2304688
6 114032948 3545366
6 104894860 3814341
9 975210145 234641
9 416216757 8711351
3 477483138 3528174
5 871366496 9998814
6 558894232 818187
1 560058387 6614734
7 234383234 1074212
5 101060265 4873633
10 866533209 2650709
6 904283142 8836419
2 919857516 3629575
10 531639801 6983148
4 500531416 1058409
5 928525331 8820789
1 807808519 1185861
10 217233468 2500234
2 333761575 2795647
5 676896390 5461448
10 636281013 5227736
3 282526901 2216404
5 838299699 2664305
5 248919382 2519097
1 997775589 46172
9 83038288 3847669
4 119421965 3141269
5 567481985 1783290
7 798278127 5205964
9 782398682 4200386
6 539937530 1540903
4 529286682 4540169
2 349265093 7239104
5 814405584 7458507
7 586544288 4648216
5 242855998 3759586
9 264821628 6259797
5 449903887 7197727
8 599581723 6417265
9 799419822 2655929
2 723677342 1193954
7 130473867 7499246
1 900134665 7534847
6 157424244 3696562
4 533890458 9898599
3 601644327 1891100
9 308862320 1473908
3 503341168 36348
2 255489746 872995
2 17081161 7682940
2 981260839 8746622
7 595839995 8063095
7 672710726 2528898
3 938067706 3769724
5 924326642 766289
9 402839264 4105747
10 974723824 965000
10 657449620 3040694
9 983655635 4826299
1 168557100 9947633
3 759495023 8076925
10 924029917 7103354
9 829896765 327439
1 119979546 3673399
5 906598914 7240188
1 463851102 7359529
10 546029512 2740827
1 938434421 5988659
6 609284225 4212203
10 229419225 7653515
3 768417777 3526300
9 408669633 9312748
4 69278690 4637580
4 84576616 7827023
6 373444694 1913076
9 931501933 9514943
7 558713723 5023462
2 931167841 9786641
8 330214316 2704857
8 576013090 763879
7 823166376 6481639
3 691144165 5443077
9 138875946 7729496
7 548453377 8754329
6 885573366 1756916
2 483954445 1911499
3 305660113 6531840
9 386648848 7629271
4 763592316 9002992
7 264486974 1779338
1 194713102 9424856
2 393812806 2233309
6 101660193 2231719
4 492678501 3303062
7 173918836 6085903
6 243375543 7493457
8 617954292 8942515
2 807372781 3453585
6 923433496 803556
2 448013801 9924284
8 447832015 4971808
1 5606789 9398958
7 816793937 4077599
4 219566609 6715007
6 750307999 6062592
5 78276425 9280254
4 943983285 4581377
7 358667991 4272342
4 26002428 9849729
4 488130307 3460929
2 437400686 7145210
9 609325770 6071158
6 767050815 4249039
9 746259054 2204788
1 321924985 249139
6 986190553 5923276
7 472041656 3866232
4 966234320 7897948
10 186201832 7904718
5 812100678 9543623
10 475005750 1474783
3 679492053 1232514
8 784798745 9692179
8 620126985 6688471
9 323302820 2140578
8 803890526 9079518
10 275508347 3497820
3 477548590 8325894
3 202018767 5412735
9 460982614 9489499
5 908651 3900006
7 107153882 929637
3 330982321 7047973
4 766353443 5623261
9 553182470 8988367
3 636087496 3591362
3 528613920 7564077
10 766255921 9683594
7 88350069 7145672
1 616443434 838022
2 144213437 5418130
4 594577836 9572156
9 818704600 411617
10 225682170 5897159
2 955180690 6497902
1 971985382 2199095
3 626216796 5133483
1 53348691 9650238
3 761180224 4627926
4 916865572 6258576
6 934262488 7367911
3 508145438 3346104
10 271114304 9287329
2 887857128 931930
8 222320458 7863455
4 586448426 9556493
2 964217791 9323292
1 694205519 3401110
7 604542311 6488183
9 496134821 8456197
1 227310531 9205899
2 978444074 4623349
8 536943552 1104465
1 511375569 8558512
7 772120113 8988479
7 837111110 495269
3 808639632 9123981
8 881674309 8871988
4 220556656 2022622
5 821537591 5881967
10 433485425 3559904
1 304634895 8313987
7 434960292 4837075
8 307258185 4197571
5 342031339 7484133
3 736105591 4604144
8 602856323 4523615
7 824097449 7372238
8 877618855 9934416
5 626726698 6509912
6 916054749 7256011
10 604983116 9761090
6 852525257 7225841
7 703459829 9245483
9 368610282 6208312
9 682404887 6741533
6 451125513 5192561
3 16261521 8949409
2 229149143 9949658
4 485894002 3955676
10 454247180 8187934
3 712849413 3775516
7 262959164 9813012
6 945817545 5635377
10 309592249 5041046
8 932022179 5840787
5 762488173 2040389
7 83490795 8233212
8 117931902 1653846
9 638248647 7426571
4 844701140 5595484
4 63253228 6431619
8 152471080 5219673
4 908060078 2997317
5 332437863 3540967
9 353400305 6273083
2 785109610 4680069
9 16934644 7634061
8 696814473 453927
4 647321891 3260528
8 778440606 1854093
8 759753800 9869103
6 555277567 1947896
6 647711796 7091430
8 432891216 1689471
5 606296082 6703047
9 770385976 4166339
7 228972533 3183741
9 69053888 3936461
8 294984229 4637076
9 169596220 4820699
2 762280464 8692238
10 384522920 5461811
4 905680791 6138484
9 138992552 6509964
3 666679601 7430813
1 945021611 5496612
3 864847148 530854
9 862894598 6665369
9 820308229 1076152
9 120022749 8833137
10 839554268 4416880
9 771151010 8913339
6 659455493 6375287
6 813685554 1887252
8 284643774 5021592
8 359181403 6363313
9 352982435 8720039
6 721471741 4198641
4 640800528 2867019
3 467438433 7133994
1 535502800 6283266
1 346556352 1886132
10 980631914 4939444
9 818959642 5640429
2 975017312 7124083
3 699875198 3132102
7 776675717 4057769
9 454431772 9518105
8 716341661 7076636
10 229539876 1299259
5 827564125 1655787
10 95683509 4272397
9 936335770 4533496
2 709480658 9665703
2 569420278 4050898
1 7995016 277285
9 515513265 2089680
9 988685474 5206641
4 267643308 3102856
7 35075190 852215
7 249240252 8610110
6 306089717 4153475
10 348011085 1427918
9 130522855 6929698
4 739994233 4688032
8 86650784 8275218
7 685824634 3872015
7 21701300 9372028
7 951491062 788104
8 837642934 5925489
6 455578936 8397251
1 529343253 2694241
7 926241253 1662570
1 841432421 2616041
2 124068165 6073665
10 623417271 4423265
8 719257837 5894241
6 338786929 3647576
10 673102645 5218913
1 12101630 569627
4 822278800 5693936
7 207819277 7753231
7 965520259 8172063
9 442894858 8104228
10 778211792 9819092
1 639097380 5792927
9 852615710 6278954
3 283362084 9759314
5 204896010 6837172
4 584562543 8404865
5 453288994 2942167
2 752114571 4383784
1 728047775 932906
2 977058657 1988444
10 30806555 3610005
2 467495858 9834332
7 391181632 5815443
5 949602831 419259
10 527486209 7689134
1 54099155 3058810
8 96938256 4357329
7 195888371 6682756
3 891352332 8343552
6 980944107 3400679
5 848440907 260879
5 865395185 2873237
10 403278417 70850
7 423171762 1606533
9 800788379 829524
7 397272553 95721
10 452184827 8936494
2 435930229 465580
5 446363043 4762411
1 224406145 8760309
6 588994893 941942
7 711640633 3634079
6 650033792 2366012
9 696676173 7181054
9 243701807 2753173
6 891627425 7274036
5 571878867 7645153
2 870443125 3618347
6 39924317 5902630
2 495913049 1947111
3 927453125 2632393
9 559213395 650202
3 939110241 3743119
2 68015738 8876083
4 764231821 3227854
3 650555031 25815
10 988297701 7210121
5 827640621 909535
9 951828498 8978568
9 203824524 4293170
8 759639469 7388767
6 295793873 1254617
7 534606644 3343383
3 871383299 9465418
10 508620856 4510592
9 602321514 6847496
2 253204599 2357462
7 586296981 6644078
8 421292090 5206116
4 515078655 9153549
3 925599975 7855808
1 295821236 2128854
5 103854353 4892072
8 277302092 6204894
5 391818693 6761174
3 290640798 9744500
6 542789625 5387578
1 409281964 4311688
7 66783262 1036712
3 237412444 7389807
3 121988524 4273590
3 650688791 9389233
6 188424641 4940710
6 805014692 1049427
5 644868606 361026
3 182060817 7958803
10 439061153 2129368
1 819898603 4432597
3 943027946 3920081
1 925483708 8647356
5 430744105 8607931
9 959674884 1845883
1 206495119 2718864
10 953180618 5887589
6 270342433 9931666
6 983203491 3922881
6 177554266 9697640
8 833853753 4529993
3 450319003 6689050
1 924886015 4631005
5 787663672 7150634
6 557125185 7331052
7 744374611 4485642
1 912971744 7285266
2 993911518 6258720
4 459076300 1929142
3 792725631 4488288
1 753068414 620210
4 274883045 7897566
2 190243975 9552493
10 108752646 1465267
7 627404581 7032345
2 759986721 3812059
1 150572513 9478254
1 474978257 1090738
9 753286141 9408293
10 394892031 4224752
7 809548184 8521412
4 663809734 4712356
10 926496541 18414
3 458441311 4304985
7 276222069 2260498
8 513118704 6032712
10 490472900 8816241
6 347997426 2201036
6 274929240 641713
3 441186108 6254206
2 546785240 2914982
6 748352553 1490335
8 948974109 9209516
5 987995921 4993740
10 480236470 9637173
10 494008000 4536526
9 489877305 510550
9 787930697 3145137
6 16813054 2915527
4 665848846 1420954
5 191914539 8010887
8 63333503 5356092
6 566764913 6928258
5 574231666 5382741
10 46299665 2184958
4 183647082 4433511
1 500858641 3882535
9 427825338 8621403
4 336607356 2082292
5 72417064 1609218
5 953824794 5347509
10 751935600 9917595
1 46678200 5773600
4 364116206 7275890
4 356129536 1696774
2 211751482 4029127
1 935497607 9734166
1 610981281 4339474
10 136236818 7597635
10 800665408 7723186
8 827384762 8904324
7 961415274 7095947
5 906776307 5825717
1 886708481 8001553
2 383435392 3307591
10 311247391 6524809
2 303972578 7677471
6 575048792 5430625
5 771666020 9152120
10 691916667 8124803
8 715587 376406
6 475963482 5209024
2 99509216 3422953
7 821299045 9982964
9 126783429 6774781
4 208515893 3710198
7 145496242 5376791
8 123916587 1177522
2 980098460 3534346
6 159085431 2022490
2 113808379 476328
5 429803565 5618929
5 929102897 587748
2 289548784 1138650
8 455219620 1202702
8 694215000 6778144
3 633388576 5997613
10 248347860 2665596
9 334440479 8846354
7 810818962 6418869
6 801648971 1328528
1 931393458 9951283
1 858399288 8554756
10 912795801 5855710
8 753506928 2892829
3 606744568 9501265
8 568677931 8811358
3 96905106 3428569
9 133528956 782113
9 768965750 2090792
8 12701666 6914261
4 432359788 3798775
7 845136480 7035578
8 984342725 8223815
10 14936483 9026040
2 698305057 4614903
10 178190637 8891154
1 477013515 172981
9 161037885 3345923
3 306398367 9961994
3 383588752 503649
4 127462437 6506453
5 967828060 3922703
4 895622052 710763
8 462410757 9884709
10 787026109 1464048
3 193763371 6796515
6 93864519 9077577
5 987782198 4020465
10 479117050 6676856
5 77603272 7437800
7 767196974 1190016
3 224335168 3903467
8 795167001 1263368
1 376543096 6400318
8 800433581 6990617
7 189550323 7643146
3 683163726 7967398
4 987828546 3659115
6 870076138 9819432
4 501021128 7048970
9 218859642 4562824
3 477298758 8077884
3 95332531 2117028
6 890326290 744533
10 397354924 2635761
2 529794475 4023117
9 592693436 9849146
1 894643469 275621
9 460694244 1248829
4 659998143 815774
9 591243236 7649130
8 677220846 2019071
6 508481909 346009
9 43668339 7443076
4 846215327 143084
4 298454391 6743957
6 15925703 6371717
5 71349339 7447864
9 35684327 2770387
3 644589497 1205644
8 526431732 226807
6 279765970 2032971
10 658856878 2365403
7 437405555 5681139
4 729448691 1946008
1 686321857 6540431
6 179182189 197741
7 136308245 3003063
5 622899427 6259291
9 421930717 4041906
4 73938101 9280819
1 799949949 9875814
2 7395942 9143935
7 31568366 8101038
6 606186031 5389820
6 932399943 1683938
10 587971799 8409186
9 168271016 2248070
4 516932765 2802436
4 439300367 3242340
8 17102257 5592270
4 355240660 7617775
3 475125739 6168003
8 547932825 4969088
6 609686755 7257146
2 12787981 9384476
10 795737899 4981298
2 737006105 3054225
6 257196994 5564944
5 362831601 760411
1 851985547 4867559
6 850055198 5129776
3 652267141 8495576
9 394010828 9685288
7 12081831 5420388
1 613344835 7784438
9 41280555 1171880
7 873859919 6859186
9 956679782 5223079
7 145259872 445553
5 588174076 7498090
3 206726688 3438764
9 170882008 2863547
7 899978269 4923197
7 717799505 4861488
9 851884850 751394
4 602706503 9895912
9 647741804 380435
1 145236592 8656853
7 547540094 6148894
1 90801581 2450327
3 835137753 4038573
10 873938669 314749
10 29175783 9118666
5 826689776 8902720
2 451105760 4617231
6 560901353 359608
4 660797589 6587492
10 705966581 493998
10 818920292 5746982
2 294060825 6659727
7 948685367 653178
7 414503775 2041068
4 769317917 7186752
4 33659844 7694593
4 953320464 1959435
6 863612037 7784927
1 589916399 1267299
3 951449207 7805776
7 578533864 6209203
6 972033804 4824331
1 15291160 7601176
1 125233866 5767483
2 754225469 5299415
9 376923973 2210630
1 549327408 7116625
4 226546443 9851607
5 7548595 9979641
7 116626129 2231911
10 513585518 9882284
3 757358352 6864770
7 984362277 6724979
8 164724320 5143397
1 697619838 6118198
3 639114854 8354238
6 929810509 8888801
3 469673918 4158328
6 293854189 4741169
8 836466757 3832622
9 747249832 2358494
5 567285560 3691781
6 161525091 2749692
2 667048540 4657938
3 233880374 2688195
4 249289618 4843011
7 719589649 7208266
5 544623950 5915173
7 17908838 4720359
4 478934637 9625034
7 809651688 6531936
9 36078874 6788135
2 287931322 1614620
4 602340100 259288
4 817159896 2611844
4 818868369 8249707
4 361729762 3754742
7 411112545 5846711
3 751299015 3412062
7 480918855 3440335
8 693026947 2166687
5 678512695 442696
6 379438337 8448301
1 735640996 357560
3 662233297 3262075
10 832567278 6946608
1 551716424 2765180
6 442025625 9524950
5 565871151 4544713
3 88182275 6714847
3 586318626 4326645
9 458580078 608202
5 860258814 9719688
6 676597452 8111896
1 633661384 1431173
5 413535810 9626120
9 908761406 4990216
8 993887779 5394569
5 519701000 3912519
1 751928002 7709243
7 410250064 9102113
4 730850025 7404446
8 199614782 5527457
8 270636200 4343839
9 961584633 6716794
7 377210246 8414157
4 674306208 5849467
5 736400157 8827088
5 905698221 4074611
6 935397417 8187529
1 844098584 9012684
7 233108288 7564352
6 344917977 9261549
4 638685493 2446233
8 935959476 2083297
2 967476463 7664169
5 989419103 8624229
4 115401939 3113676
1 56916164 8231145
8 562976319 2352551
3 86328148 5389240
10 965450927 6156635
6 293033527 4547242
6 336564166 8974502
2 607312678 318679
10 625963699 833693
9 158668421 6081202
3 819861424 2934242
6 854079284 3952958
5 746813346 2430598
2 971574481 5173508
4 743180512 1794634
6 318554354 4065924
1 549930984 1970284
9 732019935 5865028
1 739126391 1214845
9 428053059 1415195
5 799841891 2704630
10 79044240 372050
2 690655464 8193869
8 67778199 4470412
1 493964629 9422377
1 953509592 7008617
2 234181539 5682956
4 107618039 9523393
5 116531111 1977910
6 690223677 1313233
3 439375362 1622245
10 503436073 4378752
2 381881974 4079564
10 852015057 1559629
3 897252058 9949558
7 821650760 2298016
8 773736380 6342016
6 209212895 8100644
5 881029168 937146
6 67705307 9084270
2 129903629 8101842
2 194976837 5319948
10 996167547 9189527
3 310410540 9962734
10 372891415 2210727
10 953523234 3164748
6 142973338 5029518
1 367963426 6165312
2 80626727 7913695
6 883007065 5885608
5 72630835 3672989
8 267930371 2156952
7 853447100 3428052
10 294541749 3827419
6 971552350 6007039
4 187918960 7361484
5 654287940 388116
5 246542193 116131
2 519544373 578701
7 485681089 5483192
10 570252449 4774206
8 81618758 7371141
9 381953113 5036256
7 697743773 3549340
10 705908036 2977683
3 505851578 9789889
3 938665346 3225588
3 358645050 9098187
3 156623865 3321877
3 779867209 8417554
9 293191380 7400451
9 331797015 2880426
