1000 1000
273098111 677918417 2
781252467 405402104 2
744688995 925247815 2
194608166 266035855 2
917309553 519513607 2
404979383 769577460 2
48875096 899332282 1
849167430 551682095 2
662253098 476750274 2
611209807 768092938 1
697096766 515159276 1
699960953 984657604 2
844464990 3025005 1
192039840 168081257 1
424702919 379634112 2
163940547 712712578 2
20515798 705551170 1
313753102 296030571 2
125034387 565758388 1
251421637 802046738 2
198140512 373080216 1
192410369 49905777 1
236992081 885835407 2
840949438 949923592 1
765060369 509866757 1
97109658 88645262 1
285615231 773935815 1
332932068 252126736 1
233499143 546891265 1
40869461 921042162 1
907788601 864885178 1
857114306 235989113 1
97571459 231453892 2
346114632 288744985 1
924154322 697520453 2
154346342 558332896 1
713784557 4267847 2
154937482 969707727 1
507702540 375061969 1
157934338 611288444 1
807585420 739976832 1
101967897 354528610 2
816882023 25858477 2
556364944 140305776 1
712998387 46685381 2
865698719 82414156 1
519224352 168984933 1
423158731 482817590 1
115339459 266973909 1
998327967 90907182 1
551770855 750159436 1
126424879 466566983 2
641623778 291698470 2
542969100 765108733 2
839789058 421290404 1
745781238 430369566 1
142147077 594982460 1
598452849 153425515 2
431641234 769570531 2
893801256 620436495 1
129925550 343183730 2
972985858 284593362 1
159585607 548568046 1
11525187 829306044 1
199336511 606267931 2
28721254 845797456 2
590364914 626496447 1
681279397 755030780 2
510270453 88878513 1
453572688 483680202 2
245039649 2523815 1
355397958 987934650 2
644364956 211090252 1
102776031 890544193 2
666105174 940811037 2
830667652 833287672 2
427634093 437820973 1
643565096 206910406 2
774251635 737616360 1
460910922 199050834 1
65537179 232557759 1
867882043 144164245 2
980425297 530792481 1
202962093 293946250 1
555067535 139552295 1
102945136 101214132 1
908514004 113040542 2
776638872 331899802 1
932029248 581894607 1
192067581 821458682 2
810962229 983838012 1
585918063 732689845 2
556392284 606525559 1
56222398 99931332 1
837193838 697958874 1
775185695 430085223 1
592007749 236330363 2
164370498 453755486 1
511936629 973798216 2
222033798 552118655 2
325325871 969055536 2
586057141 129174521 2
51336192 172117439 2
245831720 276365908 2
109112274 640522715 2
786048191 318736430 2
228611938 188129124 1
388220867 644762155 1
699223343 409525797 1
743327298 51893702 2
31956979 172180402 2
573043065 771955707 1
933282613 776357559 1
896722920 749964323 1
676750496 181344502 2
170859569 568875964 1
76302952 589778546 1
534284123 640777783 1
10144962 959106394 2
610721225 633823206 1
578212847 789400838 1
836242382 951807817 2
770696000 474749693 2
855162621 794565551 1
520182111 340905828 2
791518937 809731499 2
170760820 804354048 1
776477666 543851699 2
462076361 51720259 1
204421861 230497531 2
380553488 787973346 2
869575403 804509925 2
238063594 215919262 1
806981981 321984486 2
743005086 555955013 1
252296738 538409782 2
891365306 377810745 2
454628818 718341787 1
871807536 545519384 1
782214508 302824176 1
12084195 85238852 1
760766637 348337462 2
167315456 714111045 2
751817247 208240448 2
385298951 580125178 1
88729756 202010905 2
200030662 169520904 2
484322190 899363805 2
396238413 610675276 1
118322986 829539238 2
27702736 359794432 2
88026201 980320847 1
145631207 393078138 2
522328497 560353872 1
61495657 75311349 1
187520573 157887356 1
503388594 777808082 2
955282267 764973988 2
364946216 214380399 1
715395575 880500026 2
524331530 817425023 2
749485279 740650214 2
642682286 60998347 1
496438510 128437749 2
878178995 823501045 1
714851409 367840976 1
268908086 260079057 1
592230065 710017840 1
769189439 668369166 1
396116284 133008982 1
95033001 87645773 2
438018743 616324226 1
808000788 742058940 1
107893675 700160873 2
955524662 819887010 2
949919978 985781974 1
607884415 851614373 2
127172327 917134494 2
137273264 581714355 2
742870816 408655350 1
291872443 396622110 2
431346743 395194887 2
162169475 397790772 2
369884982 728695541 1
300199045 273749984 1
140812015 932245495 1
386543978 451303491 1
213601258 335154109 1
305008802 882975425 1
785407507 217964561 1
445698890 18442013 1
521950664 707718651 1
33188769 751332717 1
517848543 966369171 1
456481616 631991257 1
548100430 907672569 2
14224931 648735991 1
394350125 432129322 2
362762648 386129776 2
751058106 163098652 2
771250927 229499760 2
892502415 881744997 1
807515883 975330086 2
573336526 678686934 1
141636633 61938812 2
516123691 770593267 2
368661202 311165759 2
450618048 617320172 1
957156166 170401378 2
839748125 671346631 2
972457134 592752296 2
875649313 673340900 1
3040429 670258598 1
9378355 817661142 2
528103515 166121553 1
135205926 89422858 2
895043852 39111843 2
507925252 716271245 2
699252541 860291222 2
176086595 999175827 1
110049096 89245854 1
448081414 869931685 2
569930884 220128248 2
49397274 989576336 2
373067393 381891155 1
515249037 398044629 1
547852171 267454876 1
528648392 509954576 2
873376400 568017184 1
432831509 180656404 1
684102762 109750629 1
907110706 850329155 1
446455617 819673283 1
413842952 764474949 2
18788992 615869623 2
954754071 844747597 2
892359763 97288948 1
718848791 467923533 2
676360065 986211641 1
65367069 911215515 1
804159573 547321833 2
588802515 746023452 1
968368983 989317634 1
640559973 922016626 2
264610329 268560146 1
469272533 469905677 1
900043548 220944756 2
516055513 806702461 1
412671438 752562462 1
737952256 299264253 1
784601499 716376698 1
190084693 370753509 1
609970584 143451541 1
900525521 955265683 1
771301027 288244607 1
906051823 246990776 2
157499439 885938664 1
238828435 646845071 1
305742523 526106215 1
937748864 913185068 1
563063183 447566873 2
366035927 931954112 1
709687568 607284908 2
417976603 299020798 1
550450038 170919494 2
447060595 32157173 2
881983581 908905366 1
376237479 118917379 2
353619904 281916270 1
961048583 810028550 2
192473979 103030095 2
328694313 917919622 1
265336410 767443892 1
365813060 652644264 1
427385898 633369509 1
205070624 571937180 2
146025580 451988437 2
748381411 323855411 2
826281973 680606632 2
959789621 366479222 2
201294680 55475598 1
514372036 10064433 2
171891886 289369091 2
969883193 738855959 1
463267486 886539535 2
146132550 871123187 2
786519940 987674633 1
198117486 13133759 2
763773969 436403223 1
419821798 516153125 2
704145092 105377017 2
720249804 801417774 1
675959526 981552542 2
80002729 774496668 1
555118172 951555085 1
460106945 771544739 1
456607947 495075382 2
526836226 876381345 2
223509373 359447087 1
201137279 86623945 2
823605076 259778170 2
68915874 700249823 1
356812145 996437384 1
879890442 429884534 1
380051576 358783031 1
682765364 812898605 1
56336494 859462385 1
995587378 48300536 1
534081919 304238364 1
267062436 555714672 1
13799428 860907675 2
535856642 635521274 1
457262012 75795113 1
121972434 174835874 2
139309731 434327520 2
523561185 393715486 2
531505514 187204640 1
769106785 70323722 2
884687031 637625254 2
149573548 521316066 1
837997255 976457847 2
206804524 359047053 2
453143411 210710609 1
105556256 443430051 1
741740139 405369151 2
481448405 426798191 2
627241006 99060510 2
911840262 973206335 1
607853807 856116837 2
152070695 438001987 2
918543663 505043778 2
502311722 126181554 2
650219045 937088433 1
529060208 131118027 2
387029333 598533120 1
683307513 717514083 2
781206771 445511844 2
557734012 182421896 2
116093138 661393307 2
882236615 882911816 2
243987582 660784662 2
601596614 721602656 1
452046200 150939739 1
869434958 806372405 1
923928924 308282576 2
768708397 504601150 1
265253420 502078537 2
241964567 80420896 1
858421346 177297863 2
30279519 783999679 1
277793226 961537569 1
547773517 795478296 2
466524165 233756166 1
881551880 789962804 1
449916903 714713564 2
512579029 888770871 2
653647995 267047247 1
528010535 492021173 2
282553063 504998417 2
132003111 312941693 2
532009007 690000358 1
475276161 108980059 2
156929814 120094018 1
440989871 91664069 2
923962113 728919505 1
622590856 226726591 2
101575610 165178440 2
992390232 262516716 2
403377301 321928439 1
994985414 19346156 1
694057997 612705564 1
133509005 40603097 2
907762048 67058628 1
146892839 951769222 1
714737973 242337771 1
991990395 936065041 1
483812658 683816612 2
274875222 485376420 1
95432375 431650396 2
55990690 928838196 1
923235116 775878915 1
946396777 136728856 2
934925077 109503365 2
690036545 365271589 1
776653268 536708807 1
977392920 227358751 2
655195974 499943773 1
281546813 679317581 1
63403823 112686219 2
323721063 866315185 1
88976519 162241818 1
674408277 522213251 2
71033348 143317334 1
425793777 322143703 1
672374282 412560396 2
628863430 71546641 2
280288821 46168830 1
840737237 442103303 2
712450410 497063460 1
438159989 986654264 1
44186870 529565124 2
520166737 668169830 2
28704530 49297091 2
647568873 692006132 1
310765788 943725749 1
923697698 480832604 2
377742959 211998085 1
748954044 123298478 1
948393809 450026660 1
186597472 62134494 1
75365073 442218197 2
535657706 957653042 1
658684091 112063724 1
214422837 945150808 2
145931250 268082724 1
821560697 553559429 1
260869886 319455962 1
570398979 235015316 2
694757052 960409558 2
70113514 441370032 2
68488191 167880831 2
104658807 723873742 1
636832795 395357903 2
508547021 619090751 2
675055737 58605512 1
75328468 309884484 1
516585695 369304278 2
351605433 765194918 1
683680275 532085138 2
387025507 248590673 2
134757755 681765258 2
921051527 26467438 2
116329407 857733028 1
175400642 235630099 2
747861317 589599645 2
372717116 892664808 2
757723590 128695170 1
974517084 364646996 2
690158019 403535451 2
537048295 88837790 1
64454169 600573208 1
570632767 942651634 2
769754419 277034341 2
433021570 913890246 1
887345788 265237704 1
211499773 70017563 2
88321573 666077205 2
739009308 760834315 1
86342289 419069258 2
58902780 843411596 1
802184698 900259215 1
679627017 750121546 1
511333006 566464332 1
617820358 222884517 2
856535238 210716913 1
26218321 102257200 1
777539520 696331766 1
443135680 210827005 2
867116352 506083907 1
57281066 410303531 2
59943443 856715122 1
618202401 895240989 2
79771282 491658630 2
339356961 359667773 1
555367573 481503475 1
532505819 600976041 1
418865758 183519011 1
398073878 241332352 1
588287280 765500903 2
567744770 872374420 1
797638048 139497776 1
757074151 208720548 1
478990818 732309394 1
4375383 932762423 2
882706889 398442753 1
629077537 898997075 2
221317451 782801593 2
371035330 110005250 2
383578984 634085221 2
946142769 37947937 1
269881111 311217147 2
321150920 320825906 1
561281005 330065876 2
635005670 429368009 1
166661917 364399876 2
62557946 121429920 2
709216369 538731100 1
169944449 747376991 1
100940210 179905326 1
55231755 231259922 1
904736456 384206282 2
161831975 779401689 1
214642903 736985204 1
729095639 167927580 1
329301157 171758873 2
350079471 339235072 2
905744156 508917470 1
501964062 448479547 1
554824623 367706528 2
211333956 904041216 2
877681292 925722052 1
803201346 346542983 1
749175781 622187422 2
993546930 445191367 2
441234960 851521180 2
953329226 795318254 2
553991710 165185041 2
378503360 737829657 1
321069148 373577728 2
994864418 578158681 1
928379131 994471054 2
917148955 762845095 1
917871804 586756487 2
485381144 635837339 1
986787276 915868067 2
590578689 263858308 1
347966393 312708923 1
378667867 379599949 2
176263934 20616464 1
971389182 31356790 2
406634809 379651584 2
154533836 187548192 1
393829031 170944275 1
97204575 132323070 2
997049051 959052787 2
321347386 503560696 2
349550488 637395970 1
797174389 620231140 2
85820088 32120406 2
505594199 96633795 1
703421227 45790351 1
384743089 335538844 1
345120079 833867699 2
248885719 245252643 2
394113785 640838542 2
685549850 172506860 2
119703153 606704648 1
139837109 766477306 2
207924134 954555493 1
599626418 827385473 2
885950489 109983091 2
69185832 182858436 2
122709069 769885173 1
911328568 66917222 1
755982527 986711284 2
846329078 698673160 1
264172867 139242192 2
728643929 822828375 1
449829971 973255946 1
980215588 634059960 2
647869886 351011340 2
951692846 136595872 1
549687036 629847672 2
144700687 174722279 1
866930274 844072119 2
959187998 187750047 2
646276942 281063317 1
610315940 99351203 2
429346288 924140123 1
941263794 560020159 1
163339684 320719365 1
861485503 183392440 2
248587418 160973239 2
491579978 266600555 2
422033 233433208 1
826847872 49435740 2
65682422 644758216 1
197031835 144050584 1
271426891 267157710 2
738722459 166037031 2
332451266 546084200 2
428884724 900459221 2
205792471 515322727 2
453229708 59342021 1
472552777 36385299 1
207630640 740356052 2
82388134 553915293 2
978072636 311223612 2
595429372 47065736 2
337739670 658692230 2
718544517 122933781 2
7513790 885840259 1
634853979 46060728 2
697298310 803125853 1
383898898 704480833 1
72854943 609385506 1
511074672 232170241 1
913892502 323218311 1
50744911 107302832 2
35365180 552601427 1
623811305 562956649 1
747523176 311029041 2
283287192 47191874 2
306462175 206607132 1
654580575 272682984 1
375245724 737778307 2
74547198 667353485 2
914864304 829423993 2
801375203 495639328 2
282155861 891817239 1
767581054 942648805 2
406094075 334141804 2
369089862 965504432 1
857043891 9504678 2
517153767 668380026 1
951034033 646741433 1
265964862 799250889 1
374557483 187006662 2
116259305 388871890 1
182902120 430258646 1
879496093 796398037 1
839056402 533800648 2
979690838 663986300 2
809982466 508271442 1
542525586 715673648 2
241947761 26392965 2
696245185 540419599 2
984577558 842412556 1
245687939 265313916 2
564289181 242566030 1
215967859 862806502 2
913660616 641596997 2
480954746 640938622 2
867592077 174046972 1
887187537 147772386 2
975470818 229110166 1
527789203 169860469 1
837520361 623808476 1
552920978 579933242 2
412541417 66676456 1
385635754 20567008 1
576269155 710484925 1
548453565 196290075 2
919613001 850721903 2
851377374 690681159 1
124520343 459908462 1
137382226 175904919 2
137251051 676505981 2
818126448 444114338 1
49421926 452002442 1
592662857 640290264 1
416523385 35119995 1
606854016 218221465 1
662502801 740993315 2
236584107 863166151 1
482349897 357465579 1
20913068 234325291 2
777451249 808737663 1
829300279 271460624 2
783325766 464605809 1
997699215 199025332 1
372041722 585060884 2
512278338 878425553 2
530236600 941722217 2
123627382 365908527 1
52535687 719302937 2
161887318 774036058 2
269501686 142391492 2
232896375 938741184 1
487207183 302754332 1
505017975 54049757 2
332711397 318037796 1
205065019 922708245 1
109267784 138500342 2
552021285 679342274 2
956649569 373667501 2
267371743 728476951 2
889604460 644928428 2
287968806 846348490 2
786662857 222945854 1
749706108 648313376 1
817476075 164751000 1
575157195 711555629 2
20774554 165164313 2
313647738 653185536 1
60542404 32498604 1
746558868 32089740 2
581498497 642545168 2
702201993 765786707 1
405315205 707928819 1
712187866 93297664 1
810315657 740600923 2
816809665 465522436 2
196392127 316484869 1
976822617 761562776 2
709792231 154309525 1
764434493 701591096 1
297248477 88184079 2
701994866 450801399 1
10225415 433971833 2
448272045 611471333 2
853149514 573341586 2
313158200 194227710 1
556052729 160377473 1
888068287 716486951 2
885845042 870541401 1
87968595 359466482 2
311930414 845317395 2
992255807 542096098 1
678412587 254225531 1
351652043 293567629 1
504367646 95726372 2
26879193 603700320 1
366844299 298646263 1
16747426 315500971 2
463591329 464839890 2
421513474 567601451 2
968534031 414257067 2
591038950 490502729 2
405140152 315132235 2
145907377 598722749 1
71974502 808053303 1
833402911 794353389 1
694380406 236911672 2
62489102 171201734 2
29073453 61172138 1
846256837 832759682 1
327883628 29157866 2
645992699 526404460 1
720252718 841777822 1
730764093 858345915 1
191231006 463166100 2
805508953 219984358 1
59930596 264049451 1
910484699 193223746 2
534080743 135525616 1
753010754 690099574 1
859345430 107518374 2
838374285 874950976 2
301081868 296475569 1
970809564 600027828 2
235210950 899723814 1
157703468 733385473 1
713078893 769940190 1
621565351 589043650 2
389441861 163863866 1
804684462 287828240 1
611700208 284864056 2
601637260 452011500 1
724128681 559664627 1
528040398 90051955 1
314457704 121921532 2
729145497 848466819 2
559440710 926301745 1
887160102 246589509 2
870305789 375092444 1
350438082 402531421 1
957140972 78216574 1
3166487 465497486 1
574103302 94601818 1
862224248 153377866 2
922337593 713454703 2
264370947 78921135 1
916599565 358134987 2
987034776 227486956 1
833032042 531303523 1
822914703 102769531 1
733345418 120219719 2
722863754 370967429 2
869879318 711667696 1
466240252 558244604 2
468594375 592779101 1
425511734 950345934 2
331980014 18913029 2
375871749 361792386 2
98875180 333360984 1
59272856 246014177 1
993131471 976589995 1
91419037 693428588 2
243925244 266978328 2
939884237 866582672 2
156429892 295576936 2
100691803 72750311 2
346594588 668631795 2
682513308 445124838 1
145363108 445928531 1
105905908 184590220 2
152263633 426815582 2
414305937 34687431 1
749846513 970812951 2
288031395 761902277 1
182866806 767248615 2
30932084 611287875 2
745382834 85115339 2
756571699 599003384 1
476852549 960507526 1
784344761 713496965 2
200754909 541584072 1
184975926 764915180 2
354947446 33304827 1
717051923 502705737 2
233489223 555658304 1
675553103 901390276 2
69305927 424008310 1
805135831 31787016 2
393722456 842249156 1
743324615 196452161 1
111018020 834614510 2
357046457 138498840 1
145302124 916478755 2
553132418 524930595 1
669329607 584852790 1
69053311 791265216 1
755723517 771430049 2
949668811 705797863 1
83499505 567457044 1
782680472 666752699 2
972421297 826169844 2
200071668 879346543 1
71145201 664399198 2
286809634 605254795 2
155273843 457277863 1
268303085 300332479 2
820103545 421710330 2
82579478 684536123 1
91792980 882263000 2
587991547 597079004 2
853176707 759856010 2
47804778 839958193 1
428232353 138169769 2
884815162 772754177 2
525431580 27785769 1
919045519 339334705 2
109773859 285643948 2
64916448 276777010 1
391273159 422787468 2
718195336 802850269 2
410222567 677923618 1
112886291 994568543 1
706274689 977947754 2
407883320 10351818 1
274367039 754673779 1
564199815 350376266 2
806253951 308935560 2
547492617 541429490 1
81292720 596405591 2
274732123 909742695 2
546975622 288828170 2
774222643 828755205 1
353308944 667526087 2
210539960 876892479 2
384871363 721230804 1
261946973 149991548 2
655353142 86790735 1
265971179 293930908 1
337423316 386721087 2
624216626 632743658 1
45573453 273840248 2
508386131 451733029 1
371418648 42715217 1
220683550 910184996 1
805123492 675828771 1
738977008 650119430 1
582330930 841653514 2
181974195 648449465 1
145936895 117386189 2
493672339 623473071 1
695351955 142962543 2
136856769 625044134 2
155020659 448418029 1
682530894 269400874 1
217238089 261958246 1
67484933 747134829 2
722263851 235869279 1
374761891 767483885 1
846573004 117323896 1
713127890 796448075 1
741931314 294205696 2
373365700 233606808 2
316871405 929400829 2
979408948 414735081 1
859979897 170479515 1
853886015 348132195 2
308741508 258712635 2
299898359 838262950 1
581935658 775751145 1
319449449 988670478 1
756287400 18467061 1
873004666 871426133 1
592168883 482792605 1
13732720 121992078 1
892273884 752327479 1
415210218 624079374 2
580642540 472090485 2
816324466 593914899 1
766552550 571088520 2
707489956 407594598 2
113010015 616154803 1
272557252 65598101 2
20368354 391688261 2
259151685 920415039 1
785906270 797582095 1
688089182 978388512 2
813208550 592815523 1
277859965 808895243 2
17673266 518688438 1
358598179 694623157 2
512136076 607971619 2
7063875 367288656 2
158973319 77223576 2
576761237 662066067 1
315104856 692555471 2
619979625 907727122 2
63392579 735429363 1
916935225 488368896 2
717164391 459140783 1
16527321 686291589 1
505865634 400819208 2
552519676 282370979 2
650846221 938380198 1
13589273 198503062 1
229860153 662922392 1
720423731 389856637 1
96121405 75218907 2
266913127 974475246 1
461323062 831974055 1
525858777 308458330 1
659934623 26404632 2
830235863 726544018 2
219935814 104518393 1
81170546 406255926 1
705590388 606394187 2
131831441 165054432 1
629267139 331589763 1
771539939 808307560 1
197481706 266029970 2
728071404 245368278 1
674275177 368279059 2
489400009 395848400 1
552067906 972198853 1
102581164 898988797 1
81600726 685031999 1
759561415 659152545 1
211418530 228980873 2
893107554 940328516 2
142327608 237961313 1
724762129 392800226 1
702362956 739191489 2
898563797 713803926 2
758370112 393085677 2
219322453 558849895 2
685088892 202153777 1
42175228 653661947 1
640149982 567698792 2
792819823 378477120 2
474349219 823701021 2
113130151 380882975 1
423709200 293325942 2
457431027 566796968 2
12440166 185280337 1
724007539 837923673 2
902437995 952951825 2
426020243 781879026 2
920197575 857185663 1
337555260 769230411 2
986131207 145962614 2
122634002 957826617 1
997105905 686261916 2
470616761 901676087 1
951836668 469131982 1
299156404 524555515 1
425770010 415133020 2
687004180 825998507 2
943993824 906677351 1
702336296 337166081 2
168329432 445267973 2
7727123 578067797 1
603309885 87945294 1
955984316 861359209 2
458291418 512838152 2
650118865 225939217 2
397668752 73563459 1
317609301 866252844 2
975262851 921588170 1
522665303 347165675 2
128425076 954349969 2
761821422 742931667 2
532228526 757211947 2
405526671 858911240 2
850805086 546247541 1
463202875 360341369 2
927819498 792660742 2
843547356 681135110 2
69088052 459485359 2
220225652 380371049 2
68702591 888917436 1
416459830 469622085 2
782903895 292708616 2
437844546 615127132 1
701229292 735742049 1
950045702 730187412 1
538842298 568306201 1
64052805 204317608 1
58745255 636324354 2
516181071 887369316 1
420972162 297846915 1
920026924 151763286 1
374006545 452900230 2
767757152 811413058 1
921148692 122615406 2
