123123123123123 123123123123124 50
80211900542746 32514541651241
37219621606270 80121487426981
66655598320062 88136893497188
11975350147587 111171402691565
44539219744526 77245015415679
56568729443966 35836341324256
103209985144284 18739458609769
14364153184858 27472761613501
103381591945576 104641910740918
50507951873228 17172939492157
75825036663919 64956841154262
97058636005407 79388209888008
31593393860890 109708160677933
114662204344255 106255581614997
9572412248123 117635655573360
78310384651711 3369114573362
89027028204509 57659337503425
93107992908714 83762391632165
80115296580280 80238035592733
13021095668146 72030275638002
95192985975121 66470900177157
21208354535383 106438188365545
45802421475586 117528532448975
27027052056335 18296214230684
63460556916376 8576606821318
32037616328258 14560422851048
59556172183710 82406892856056
4513483467325 114856207262039
83242028322296 89630721339760
98918287777246 65600582977199
122928677708287 10616000047465
30437420876570 747938051423
45100522505972 4604592844267
62388903057469 106671192156496
96380820253770 35415318367450
110073910666814 80867374666382
111697766004322 70306521532134
117285178320759 75805543811105
13898647321997 65538876436647
73313198669860 70716172755695
33322914826415 82417165642636
104793015612064 26496380922958
50331111963030 114937643496969
93988437476557 100655905782270
92325405150770 27773564873879
2167676478999 100321079991871
19347274897876 52813781639108
10324501168918 72921887965009
13754222831600 17948791707589
30252689086065 52968303800548
