123123123123124 123123123123123 49
123123123123118 123123123123111
123123123123116 123123123123113
793909949119 48047979781870
49233099405664 107301261988788
123123123123115 123123123123118
95625942912255 75648049149508
123123123123122 123123123123121
10 4
123123123123113 123123123123113
1 4
123123123123117 123123123123117
123123123123119 123123123123122
123123123123119 123123123123114
123123123123118 123123123123116
9 4
7 4
123123123123116 123123123123118
123123123123117 123123123123112
4 7
123123123123112 123123123123113
123123123123120 123123123123112
2 3
2 1
8 3
6 5
123123123123122 123123123123123
5 6
123123123123121 123123123123121
123123123123119 123123123123121
80021154651334 38285554890345
123123123123117 123123123123113
123123123123124 123123123123121
123123123123117 123123123123115
123123123123119 123123123123120
123123123123120 123123123123113
26589586100191 41729298424216
123123123123114 123123123123113
123123123123119 123123123123116
123123123123114 123123123123119
92518437298012 78418856556507
3 3
11902759360953 93801234985886
123123123123123 123123123123123
38545956222421 663302893814
85949650518702 93929893517323
123123123123115 123123123123113
22509277548903 119742405037144
123123123123123 123123123123121
35675476207523 38273560411748
