123123123123123 123123123123124 50
123123123123118 123123123123114
123123123123122 123123123123121
9 6
123123123123122 123123123123114
37969681412748 27550849501066
123123123123122 123123123123118
8 12
114000652682259 94353227548550
123123123123113 123123123123115
6 10
123123123123121 123123123123122
123123123123115 123123123123115
6 4
6 9
123123123123112 123123123123115
123123123123117 123123123123115
8 7
123123123123123 123123123123113
59639362584985 41830056720438
123123123123122 123123123123120
78153801312487 6087733018832
5399234356632 32361263248968
7 13
44230059453999 113303050313881
120931825162871 66514835214239
123123123123122 123123123123124
30884853633344 79827742521388
2 3
4 2
9 11
7 8
123123123123121 123123123123115
123123123123114 123123123123115
123123123123116 123123123123116
123123123123120 123123123123123
6 14
10 5
4 5
1 5
5 1
123123123123119 123123123123114
123123123123123 123123123123123
123123123123121 123123123123119
3 5
3 3
123123123123120 123123123123116
2 5
78195950766552 43230537977256
63613751288544 119192498163335
29512578490043 104760979755441
