10 123123123123124 49
7 97196111345768
2 14339028913732
10 123123123123122
2 44328391047456
7 92494553797025
2 105402887989607
1 50552779458553
6 75903802141892
3 2
9 36799651851443
5 64460721353510
1 54687905572510
9 92799908963319
9 76033970397002
1 93406157543734
2 58602873276305
6 123123123123123
3 6297389531410
3 1
5 110498626654037
6 60311918110336
6 101664261588976
8 123123123123121
8 32529749844235
7 19644356676786
9 123123123123123
7 77013754914081
9 106496093367048
7 61516417199319
9 113417980891811
9 28676250024023
9 112715152756719
2 2
8 72456956575171
8 44170245502979
1 77749561820520
5 123123123123123
2 84435772446027
1 2
5 94555650599149
3 31107502675105
2 96233319675231
9 113833439904624
6 4967547289630
5 1
7 123123123123123
1 34331234475544
7 123123123123122
2 71127829647772
