10 123123123123124 50
4 5
2 3
9 123123123123124
1 47836494640712
6 84241135528350
6 6
4 5438008304374
1 99604655509968
3 2
8 59854603977016
4 1
7 49259259507527
7 5
5 35764003486424
8 37884517907536
2 61017553292321
7 74516392639691
1 5
5 103226603956270
8 5
7 71449675045490
6 117677093788854
6 44208440480684
9 148170179503
6 99267025670498
2 104445275757755
2 85331062882948
5 5
7 90805710481355
8 123123123123124
2 94757780055630
1 113024106657788
8 110972661058622
9 48965802820394
9 5
7 66089361686252
5 12934890272941
1 61228368031364
9 120673584452848
9 22484377546425
6 963359748436
2 49144093214615
7 14027057826409
4 6
3 7
7 104883340009341
8 23707768521655
5 111524535061604
3 19292586167012
2 8
