10 123123123123124 50
7 123123123123113
6 7
6 123123123123114
8 123123123123122
7 18
6 3
8 2
2 5
7 11
8 123123123123124
6 33589717667191
3 62362793268481
8 123123123123118
5 123123123123120
4 8
4 5
6 14
8 123123123123121
6 16
5 123123123123114
4 123123123123120
1 8
8 123123123123111
7 123123123123109
5 18
3 5
3 11
8 123123123123117
2 12
4 11
6 123123123123110
2 6
7 123123123123116
7 2
6 18
3 9
8 123123123123112
9 2
6 123123123123120
7 13
8 123123123123115
6 12
5 4
8 123123123123123
8 18
8 123123123123109
7 123123123123119
5 7
7 10
7 15
