2 923123123123122 40
2 348026237912086
2 29849260674626
2 626528023240610
2 529235675877232
2 78111356366244
2 213197534209729
2 657226100836030
2 120079772808405
2 75104596440844
2 163451243882128
2 591619301913136
1 809185875671062
2 361403939017746
1 757563585442115
2 664137506000571
2 399186404404874
2 504490072011354
2 251935049655235
2 18948968189708
2 146203022442382
2 252056807499645
1 858833543002155
1 681418406961825
2 593375761461071
2 345883995247916
2 580725267165864
2 25820535674166
2 20737558057840
1 861134641669343
2 681418406961823
2 475701646786564
2 542165544859243
1 859907126937622
2 128191967695017
2 676993338982052
2 422517192994708
1 744231845730005
2 384018918718331
1 765870844879319
1 805710476108413
