2 923123123123121 30
1 281302172892927
1 788474251771429
1 356144827661563
1 301068879077349
1 153573046148701
1 273770537100530
1 28888648853188
1 365654060687409
1 569676385079013
1 596076565041203
1 478985903548699
1 531434934976167
1 694442216842231
1 570755878772193
1 864289739537725
1 43940040688779
1 46013157213287
1 838585663745490
1 550955283105736
2 28888648853186
1 324353791268313
1 295834390691501
1 209408614178032
1 535125643204749
1 817473110344932
1 510763136009568
2 6415681831925
1 118593235304653
1 137093164290309
1 267127182704322
