2 123123123123123 50
2 61773068941938
2 13045142165806
1 109095687394050
2 30493525699807
2 260400192517
2 61447056430308
2 72213141128790
2 38860893251428
2 35214448340237
2 69995265185157
1 118903019034557
1 115179242113929
2 48918346745924
2 70901520303924
2 39734930907350
2 12841042251996
2 15693490273156
2 91532401202572
2 4195345993775
2 68742649208125
1 119944926699563
2 52801398156730
1 119252975705867
1 117753507261445
2 31501154960241
2 8830908817585
2 67986977278097
2 17957683070164
2 21369268272092
2 63333060660420
1 101313632366947
2 44217859838110
2 42271330477659
2 69873486302933
2 55252013951536
2 13895812500532
2 68017409547136
1 109222157304931
2 19955951450345
2 13486103226680
1 97659747028326
2 4143613934498
1 112128835223322
2 67658439169992
2 66886336569014
2 13972289746317
2 68094715110212
2 89483198459732
2 10727211844918
1 106852776529696
