2 923123123123123 45
1 299060441400136
2 867633384440011
2 756026992868916
1 242838330382386
2 105819848951653
1 871003450696259
1 545330879030099
2 326082124955600
2 621791751275955
1 830878646681664
1 799043432068172
1 9385437923933
1 514895262379274
2 262824397402862
2 200510104058794
1 600710420807076
1 550005940671759
1 12498578728826
2 774097702334899
1 746948355024720
1 308023176580209
1 599361250189633
1 316459129996638
2 755421471853722
1 436275686010687
2 208574862488086
1 732936936315193
1 844610624569889
1 410942637750416
1 200460995397151
2 632849664369361
1 114796821735059
2 38210966485953
1 1153321698924
1 769714874841424
2 914785518389567
2 45114212967426
2 281688981385497
1 221925785360824
1 76640282973579
2 273483028929202
1 747669539811793
1 520943001554763
2 570015901551466
1 401029446501649
